24,1
24,3
74,35
10,181
10,229
10,201
10,75
10,231
10,71
10,281
11,29
8,11
8,13
8,14
8,4
8,10
66,3
66,2
66,1
66,0
65,3
65,2
65,1
65,0
63,3
63,2
63,1
63,0
61,4
61,3
61,2
61,1
61,0
60,4
60,3
60,2
60,1
60,0
20,2
12,3
20,1
12,2
20,3
12,1
11,28
11,27
11,25
11,22
11,21
11,19
11,17
11,16
11,15
11,14
11,13
11,12
11,11
11,9
11,8
19,2
19,1
11,7
11,5
11,3
11,2
19,3
11,1
10,313
10,304
10,303
10,297
10,278
10,276
10,273
10,253
10,249
10,243
10,239
10,237
10,233
10,228
10,218
10,203
10,183
10,180
10,177
10,172
10,169
10,167
10,161
10,153
10,149
10,145
10,137
10,131
10,129
10,107
18,1
10,101
18,3
10,97
10,87
10,84
14,1
10,83
14,3
10,77
13,1
10,31
13,3
10,19
10,3
10,2
10,1
